1523
1495
1479
1546
1561
1537
1638
1642
1662
1733
1714
1848
2018
1950
1848
1840
1863
1688
3308
2130
1713
1614
1683
1740
1794
1920
1962
2155
2144
2155
2020
1823
1727
1639
1563
1645
1628
1690
1783
1792
1779
1791
1882
1924
1995
1985
1883
1913
1953
1898
1931
2811
3182
1729
1953
1912
1985
1935
2239
2232
2335
2417
2412
2217
2040
1865
1832
1827
1801
1893
1881
1934
1875
2015
1923
1936
1953
1912
2024
2026
1974
1925
1866
1898
1820
2488
3449
1617
1932
1863
1954
2081
2016
2154
2296
2444
2317
2301
2135
1995
1930
1964
1976
1957
1982
1968
1917
1928
1966
2026
1990
1969
2067
2114
2145
2001
1910
2059
1976
2095
3597
1852
2044
1987
2006
2073
2164
2181
2372
2508
2567
2475
2200
2064
2005
1968
2041
2028
2053
2016
1996
2107
2002
2024
2118
2074
2152
2367
2201
2164
2081
2084
2020
1968
3561
2391
1994
1941
1946
2072
2118
2154
2264
2273
2394
2369
2204
2016
1939
1912
1861
1980
1982
1951
2078
1964
2012
2024
2153
2157
2105
1870
1919
1822
2002
1834
1844
2152
3511
1739
2017
1785
1917
1996
2020
2220
2429
2339
2484
2384
2249
2036
1953
2016
2048
2068
1967
2053
2116
2055
2110
2081
2153
2031
2231
2283
2224
2226
2066
2126
2079
2090
3168
3010
2041
1975
2118
2060
2096
2179
2173
2280
2349
2324
2216
2020
1941
1901
1865
1961
1953
2024
1991
1957
1934
1988
1933
2021
1956
2027
2155
2096
2221
1956
2104
2003
2069
2530
3493
1792
2051
2020
2124
2060
2173
2277
2377
2446
2493
2520
2226
2024
1983
1959
2030
2073
1985
2025
2031
1974
1984
2029
2054
2004
2094
2060
2318
2164
2091
2024
2132
2068
2054
3450
2656
1939
1953
2040
2088
2120
2226
2367
2413
2513
2500
2286
2104
1994
2029
2002
1970
1935
2007
2011
2056
2122
2073
2100
2082
2169
2071
2238
2223
2112
2017
2039
2129
1974
3623
2161
2019
1987
2067
2106
2203
2200
2260
2444
2515
2458
2275
2044
2008
1928
1984
1957
1960
2019
1922
2025
2006
2046
2021
2032
2168
2153
2176
2078
2112
2040
1942
2236
3700
1712
1952
2000
2030
2105
2101
2257
2295
2432
2499
2412
2195
2029
2064
1981
1913
1978
1991
2013
1997
1949
1922
1976
1958
2090
2076
2171
2080
2021
2009
2050
2002
1883
2879
3250
1871
1984
1976
2021
2015
2068
2198
2244
2369
2368
2262
1933
1860
1814
1898
1879
1843
1871
1883
1858
1931
1848
1938
1877
1909
2063
2120
2041
1997
1940
1987
1969
1918
3549
1983
1864
1829
1893
1941
2033
2062
2215
2352
2431
2387
2233
2045
1976
1914
2048
1995
1981
1984
2094
2139
2066
2108
1976
2093
2111
2071
2215
2128
2108
2020
2026
2027
2005
3637
2096
1880
1942
1882
2078
2107
2139
2245
2376
2444
2313
2153
1911
1895
1976
1868
1852
1880
1979
1918
1861
1892
1930
1854
1965
1992
2039
1948
1924
1947
1949
1902
1934
